1083.6938666721226 491.1906616464769 170 76 102 1500
1024.004123698981 314.8924254081084 154 87 135 4000
881.4247072996732 498.89239101439364 138 240 208 4500
811.8674739288656 165.38184249315006 174 168 44 5500
275.6466671449191 353.27330962522933 129 29 253 4000
595.0643897254124 502.02618898268224 204 167 11 2000
440.90306365776104 583.423815456727 49 217 244 500
962.9497212848967 552.5437150527997 38 62 17 5000
892.9979216189176 217.75842566685483 188 74 232 2000
373.54985597344177 166.41955363148702 45 171 20 4500
286.51527624098577 600.6325417228352 200 211 81 4000
763.8515368781383 581.0298776016681 178 202 165 4000
255.510653131096 299.0750541881661 84 23 71 2000
777.5042808543044 244.24343722591777 219 37 185 5000
96.79881588256409 115.07384285615771 247 234 4 5500
1041.1322515957752 53.26264931495325 152 20 148 500
132.31382980347266 389.77875530630735 102 100 168 2500
208.01485005340976 523.4983276114369 83 241 91 2000
453.2856917705065 487.6547943469599 154 177 225 4000
1098.4094186016566 253.52177418944575 16 25 89 500
760.805160624253 318.7932499577558 164 225 111 3500
574.876384397123 69.33446701864337 217 243 44 5000
731.8586735371847 411.97520944591366 126 6 193 5000
142.3506280245273 275.50773927353293 100 55 77 5500
401.7786372680165 486.333251945971 154 35 138 2500
498.94297138076575 576.8991328421847 82 165 184 500
483.93567559324765 337.2157096095595 71 105 34 5500
310.22859464277775 555.4491053060535 14 130 34 2000
806.3054237744691 351.6399970339583 168 171 8 5000
1034.0686654041308 428.0072252538207 232 159 0 500
613.5123207313987 425.5755699577062 234 246 174 5500
430.6543074618944 120.47430364537783 58 6 161 5000
67.08124265046472 61.92569283822918 111 193 229 4500
430.82984417268705 510.9907098857508 182 158 19 1500
472.46962649757216 626.0858728290299 51 200 227 5000
3.5022219239033863 448.956848395145 130 126 213 2500
318.15148104222294 148.25869092897682 74 83 12 4500
1065.0328472170088 437.0223368160819 197 208 143 1500
627.0587342793798 635.7000626982864 201 73 115 2500
212.1027828906596 638.2889768050406 183 214 139 1500
203.4267952760113 349.18649443686917 206 251 22 2000
587.4373459343558 308.1068963927434 97 118 217 5500
54.40744910309541 642.8989065535156 202 143 245 3500
139.52293495223722 378.5569808109485 187 143 230 3000
502.8222499859483 237.89870080882687 162 222 59 1500
1128.6304261211076 159.36499986834616 32 145 14 2000
52.1310296277159 402.4305781323498 156 92 129 4000
327.3439889109274 645.518254857222 233 88 235 4000
556.1554486339232 357.313253617233 63 181 165 2500
759.6968563212766 311.45956882489696 187 9 48 2500
771.8967871614576 605.7505163855776 253 94 221 1000
703.5434073632418 396.33944496748086 30 223 13 1500
555.3308173817323 442.8370388814873 223 252 38 500
992.0007717733845 135.2636761746543 250 246 86 3500
433.46327446060303 592.8436577419054 2 158 115 1500
187.5479307468755 430.72035596609106 118 184 125 5500
794.4210427250528 350.76992698477545 145 35 87 5500
277.3975245428829 392.13834738943325 60 35 222 5500
36.24543954234857 572.2796685634062 253 144 117 1000
1100.9972635419786 39.94867289657874 50 123 128 1000
553.738421784129 190.11371006548404 119 164 56 4000
941.6320990685203 74.12448286523973 50 196 71 3500
1147.9138314723311 13.394585962662859 71 130 13 4500
1024.0743184198518 110.30342560247816 235 20 20 2000
855.3217397352469 413.38424282075107 161 211 53 4000
47.09534696264424 457.96157550368656 42 149 187 4000
220.27453269499577 162.90310385975457 128 46 65 4000
576.5530050183602 579.566906285031 185 149 24 2000
343.6163682097846 592.1193898231429 135 151 109 2000
13.258169397301792 620.2892740392092 199 168 113 4000
215.0538706310471 629.2876895641886 152 234 151 4500
333.7363334085123 113.6101697882934 9 188 154 5500
567.1804410700022 535.8093460907143 136 2 166 5500
256.00022176965246 56.252893637967546 39 42 72 1500
556.3059186161864 248.6916333330008 57 90 13 2500
808.5556943268326 484.8587107480654 242 4 52 2500
103.30922201753164 29.957315302025904 126 71 188 2500
308.89477865555193 551.5485460521487 204 27 135 5500
1073.4532792161065 175.8799995646746 117 115 213 500
1093.1923729870387 552.8913177761183 133 127 171 2500
1007.8051551078239 86.38837864089994 151 183 115 5000
240.24526584798906 47.99237485412212 32 245 97 1000
823.5219781063432 432.97019750498845 3 126 72 3500
237.62771366517177 613.6711361807248 85 227 195 1500
1137.7423041715056 481.0378998108427 116 83 109 5000
306.36966632939755 536.4929006403194 165 197 199 500
640.4827080678189 240.6155068122174 194 30 194 2500
899.844990137536 335.00655369268725 0 216 72 5000
394.1444296407861 422.25833569909497 207 170 36 4500
978.1760819540666 575.0214193920242 234 130 249 2000
619.5526916913782 317.7573205452619 115 191 60 4500
598.6061177396184 536.9740932391537 60 58 204 3500
421.5929555965147 239.71479362280482 148 42 128 2500
549.7447693921692 205.75198184195978 133 149 209 2000
214.8659883573311 435.01258639367876 101 119 251 500
841.8583184069435 73.2703487598715 193 6 214 4500
466.1727294047822 253.51956986193366 176 172 218 5000
554.8133381127211 217.0364889321105 18 201 42 3000
1154.1907574298182 113.16359724777988 58 219 73 3500
360.13722276978405 441.1120106852214 211 215 183 5000
788.7692489804724 615.7079337270427 71 165 220 4500
231.2397518202991 280.73059871456314 15 93 238 5500
208.01381381581035 473.69017584555945 90 38 46 5000
1038.201474964853 308.60355233541003 34 50 30 4500
1101.9105087610733 227.73278594861594 125 119 150 500
346.5226024010593 564.1398687377502 107 80 47 500
375.3409798452125 578.6069992273939 162 108 62 4500
492.130227749733 65.57907341731125 70 62 73 3000
922.3212830438492 198.27424570019684 99 28 179 3500
1119.5063200248999 107.23989008766411 28 209 3 3000
608.3393153152274 313.3002864761064 228 81 167 1500
551.3963922504898 615.6389827910084 178 253 85 500
581.4445946531201 96.66000244759998 69 114 119 500
918.0203668714156 147.16074328254825 132 184 137 2500
1101.356083985171 597.9371137126815 71 232 221 5500
694.7828232583754 636.7993451657193 95 70 207 2000
1113.520507494775 607.4272840858821 172 212 145 1500
780.8444125055614 30.648421438470358 142 38 24 5500
531.4242623000754 305.4082329471607 90 121 40 2500
362.7797144035876 2.281548302554616 253 59 54 5000
418.59726928287756 309.96420460257974 85 106 124 4500
717.6560537684526 600.9417027349677 207 4 101 4000
298.761861301505 35.39612083742584 225 163 157 1500
566.6840047406748 348.930923940518 119 180 209 4500
671.2307783018242 532.4092316851772 109 220 81 3500
384.81676912031304 52.88990610653299 2 130 46 3500
995.7902382386169 386.4156646954378 86 133 100 2500
917.6743878481661 607.1078164441401 2 114 37 5000
430.9646795934749 594.1255021065122 164 97 69 2500
600.6879306991004 410.9520508988529 221 170 220 5500
828.2006874943484 238.00463251963308 107 182 165 1500
694.4749540092577 46.494948606352324 108 199 29 2500
509.00906750567106 375.56588328323636 95 121 64 1500
172.08926483361793 401.7095355602874 234 250 151 4000
1006.1055110112412 268.6757056622223 20 240 119 2500
976.6238987579724 238.54874986691428 101 33 236 3500
365.39749359561927 250.95863171513062 101 94 13 3000
449.449600007585 176.85595698192103 201 176 71 5000
921.196173417642 547.6940300702655 139 4 4 3500
134.37386975616582 501.3264692724479 49 131 170 3500
740.5734795319122 494.8763268542351 7 69 200 3500
539.2908256952659 517.8458808357627 83 119 52 4000
1041.7419154874462 212.38087496010337 122 72 48 5000
1097.6870377676535 526.5978593687538 126 236 200 3000
432.14572655457636 197.83877708372498 139 106 110 1500
838.0397702666972 102.40868864329569 234 195 187 1000
475.62351318307225 145.83220177124028 94 125 177 4000
1141.3851877088066 242.5488539169515 48 96 173 4000
636.9658988784217 521.4675572479106 152 14 228 500
914.8992322867601 311.38849690721247 239 25 239 4000
226.27631659959656 478.0579569784787 202 163 255 2000
229.15699623416077 625.3375449132461 2 104 85 5500
944.1015962017196 452.66512963589463 134 130 238 2500
294.85934803986885 205.5335382284486 171 14 39 2500
1122.5585259664633 524.0956727828116 169 130 53 2500
567.7684196414087 644.7109756062168 87 244 122 4500
876.9113394120227 53.42122301540591 76 4 79 5000
664.1803181578907 253.46934591535697 16 20 194 1000
162.57575626171737 381.64041325433806 4 95 64 4000
82.00468173304753 575.7472290762485 70 59 86 1500
601.7456726243606 270.07758139615856 227 99 216 1500
1066.8196009990081 255.92692407384823 121 36 212 3500
58.656916164063645 91.90336911298478 27 98 206 2500
962.9063878477455 512.973302526264 229 125 52 5500
452.07236989073226 476.02518054163323 96 94 56 4500
653.3671799382464 53.90856379024407 37 85 101 5000
939.6052047104628 222.07091032834546 41 106 195 3500
1012.4147115334862 528.0936597270442 155 180 85 5000
1086.6701280355142 343.0282840320022 168 175 88 1000
1110.4201811827004 317.56944146882023 216 181 26 2000
75.95486495835291 283.730561636644 191 255 23 5500
1146.3095415186476 401.6339036109334 55 121 159 5500
128.43355451477564 19.563249465427166 211 220 238 500
610.362443086585 527.483467027572 11 144 66 3000
73.5496524466377 513.3332634269873 1 39 140 3000
42.7710081297876 13.629680323356578 40 139 224 4000
1128.325665484711 480.80082628261783 235 69 201 4500
636.9914575018288 496.1778554234392 49 214 5 2000
424.9421886224923 455.04724814353926 189 184 52 500
1129.8312886835974 499.4337604040273 144 18 77 5500
222.80438331068677 283.7646672025574 17 34 173 500
467.9092266354165 564.960071726304 144 249 2 4500
573.6165508997739 191.36175605802643 37 100 206 4000
560.6275362510024 377.11277452126023 240 29 61 500
231.99970975990544 111.37371938223119 253 45 40 5000
1053.3403612964262 34.992032857232424 0 64 179 4500
322.0655006012245 15.931412352563257 72 53 90 4000
251.3131127658942 11.229599579381652 32 179 1 1500
863.1122703965895 480.4284723927194 249 182 189 3500
913.7946416402772 29.30978626896597 123 33 119 500
482.2980389649145 426.2019734340354 21 86 112 3000
724.1057091730478 597.9662331917004 118 127 42 2000
588.2499866313186 266.6720598825036 177 149 31 500
317.6873869214985 563.6115490358549 92 19 223 4500
967.2111914253627 175.6667795335945 210 152 184 1000
1021.7124024256026 45.46217538418136 37 60 247 5000
94.6174987722486 77.2131185717007 50 135 118 5000
306.4666166291918 435.4118773542764 211 114 60 3500
390.1543935216134 337.45936135164686 34 191 112 2000
478.9873424801583 645.6578474658696 59 78 219 2500
610.7406702806901 156.36985273717917 65 246 236 5000
255.62586699379588 628.9419189713994 33 183 155 3500
897.0292511573753 581.8058621088552 207 35 255 4500
625.573274589329 296.97164861655034 131 38 157 3000
125.47382338220676 231.07772661686374 235 32 73 3000
1036.8788825199745 548.294840453559 183 99 15 4500
18.557838221800207 76.87062422040437 189 131 105 3000
1105.7083319766898 189.01681148781705 238 148 17 2000
231.20384372860835 513.7780951525094 188 18 168 5000
554.4990750841143 368.12120104898173 184 54 32 5000
384.7636524175305 324.1317631909942 10 6 209 3500
1137.2403173706698 121.26423999327966 154 200 194 4500
255.6359386690332 551.9364103395449 247 31 79 500
679.2390121568943 397.48514610999496 125 185 253 4500
264.52301380398524 280.4881520680274 142 152 72 500
1051.7173768021419 348.0888524192 62 29 33 2500
549.3937937556753 148.1430382152286 81 21 0 4000
330.3829526137538 82.88129316600238 192 243 7 4000
220.38934143191742 401.65655674252724 118 182 45 5000
82.17089949530968 185.8804354299775 200 27 250 2500
539.8410779124276 406.7186023099055 31 175 148 1500
837.7438174084989 643.0532243593502 201 176 181 2500
15.091732323663768 117.51270048247977 160 153 70 3000
108.4834742625167 267.6771292241775 229 41 191 2000
319.75395222685427 500.6270177469755 170 89 146 2500
998.7175866541581 105.2178041916824 46 83 143 1000
1143.8217538869876 269.91938003763545 28 161 193 3000
86.6361776717672 121.6845090153582 92 147 41 2000
471.8899500631571 564.6802200470877 87 249 167 4500
412.2954968593811 290.92206703076175 151 97 9 3000
763.4640144036528 161.8117566102568 102 194 217 4500
550.8857522330743 165.60468638959424 133 254 244 1000
616.1514056102721 9.368415551537582 14 116 118 500
565.7534802914427 508.5512487467116 144 255 79 500
384.11650300466334 244.91676914140058 127 69 117 1000
179.29585381556294 343.24090545779205 204 195 166 500
338.9687905076455 527.3888230096433 70 127 63 3500
966.6589125767172 395.76886370701817 66 168 21 2000
1026.8711384833086 10.930075824235892 243 117 205 1500
498.6144477420668 568.1931981350158 113 3 172 4500
561.4787433962005 364.43321985365907 155 113 150 1000
539.4404844696944 297.22513671418733 183 175 195 2500
330.0699533635451 172.30620633131818 224 236 110 3500
93.56358873077903 424.45369198290047 178 168 50 3500
977.8956397256165 53.58751112695997 163 59 53 1000
933.8766821481834 402.2408695851696 15 84 77 500
559.9810779232997 627.7219587376891 43 213 122 3500
636.902617205323 641.5269490991346 31 57 177 4000
490.98086051367557 440.42989990587614 163 237 88 4000
1027.3817072041982 465.5946553422361 198 29 34 500
217.3734118508795 380.37860497352875 29 237 92 4500
436.3190144234492 120.09564760540233 80 146 168 3000
870.2333886565131 340.6979723743889 117 169 135 3000
545.8230803292299 16.23918744277112 66 57 224 3000
438.70866523421915 528.4001161480875 225 246 42 3500
558.0168550571846 309.490879638514 191 93 117 4000
